243715
245551
245551
245551
245551
245551
245551
245551
245551
245551
245553
245553
245553
245553
247537
247537
247537
247537
247537
247537
247537
247537
247537
247547
247547
247547
247547
247547
247547
247547
247571
247583
243823
243823
245267
245267
245267
245267
245267
246969
246969
255109
254873
254873
254873
254873
254873
254873
254873
254873
254873
254873
254873
254873
254893
254893
254893
254893
254893
254893
254893
254893
254893
254893
254893
255777
255777
255777
255777
255777
255777
255777
255777
255777
255777
255777
255777
255797
255797
255797
255797
255797
255797
255797
255797
255797
255797
255797
255799
255771
255771
255771
255771
255771
255771
255771
255771
255791
255791
255791
255791
255791
255791
255805
255805
255805
255805
255599
255599
255617
255617
255617
255617
255617
255637
255637
255637
255637
255637
255637
255657
255657
255657
255657
255657
255657
255677
255677
255677
255677
255677
255697
255697
255697
255697
255697
255697
255717
255717
255717
255717
255717
255717
255737
255737
255737
255737
255737
255737
255743
255743
255743
255743
255743
255745
255745
255745
255745
255745
255745
255745
255745
255745
255745
255745
255745
255745
255745
255745
255745
255745
255745
255745
255745
255745
255745
255745
255745
255745
255745
255745
255745
255745
255745
255745
255745
255745
255745
255745
255745
255745
255745
255745
255745
255745
255745
255745
255745
255745
255745
255745
255745
255745
255745
255745
255745
255745
255745
255745
255745
255745
255745
255745
255745
255745
255745
255745
255745
255745
255745
255745
255745
255745
255745
255745
255745
255745
255745
255745
255745
