239433
241289
241289
241289
241289
241289
241289
241289
241289
241289
241291
241291
241291
243155
243253
243253
243253
243253
243253
243253
243253
243275
243277
243285
243285
243285
243285
243285
243285
243309
243321
239561
239561
240997
240997
240997
240997
240997
242699
242699
254299
254299
254299
254299
254299
254299
254299
254321
254321
254321
254321
254321
254333
254341
254341
254341
254341
254341
254361
254361
254361
254361
254361
254361
254381
254381
254381
254381
254381
254381
254401
254401
254401
254401
254401
254421
254421
254421
254421
254421
254421
254441
254441
254441
254441
254441
254441
254461
254461
254461
254461
254461
254481
254481
254481
254481
254481
254481
254501
254501
254501
254501
254501
254501
254521
254521
254521
254521
254521
254541
254541
254541
254541
254541
254541
254561
254561
254561
254561
254561
254561
254569
254569
254569
254569
254569
254569
254569
254569
254569
254569
254569
254569
254569
254569
254569
254569
254569
254569
254569
254569
254569
254569
254569
254569
254569
254569
254569
254569
254569
254569
254569
254569
254569
254569
254569
254569
254569
254569
254569
254569
254569
254569
254569
254569
254569
254569
254569
254569
254569
254569
254569
254569
254569
254569
254569
254569
254569
254569
254569
254569
254569
254569
254569
254569
254569
254569
254569
254569
254569
254569
254569
254569
254569
254569
254569
254569
254569
254569
254569
254569
254569
254569
254569
254569
254569
254569
254569
254569
254569
254569
244995
244995
244995
244995
244995
244995
244995
244995
244995
245033
245513
246633
246907
246907
246907
246907
246907
246907
241607
240909
240909
