235729
237565
237565
237565
237565
237565
237565
237565
237565
237567
237567
237567
237567
239551
239551
239551
239551
239551
239551
239551
239551
239551
239561
239561
239561
239561
239561
239561
239561
239597
239621
235837
235957
237281
237281
237281
237281
237703
238983
240215
250585
250585
250585
250585
250585
250585
250585
250585
250585
250585
250585
250585
250605
250605
250605
250605
250605
250605
250605
250605
250605
250605
250605
250605
250625
250625
250625
250625
250625
250625
250625
250625
250625
250625
250625
250645
250645
250645
250645
250645
250645
250645
250645
250665
250665
250665
250665
250665
250685
250685
250685
250685
250685
250685
250705
250705
250705
250705
250705
250705
250725
250725
250725
250725
250725
250725
250745
250745
250745
250745
250745
250765
250765
250765
250765
250765
250765
250785
250785
250785
250785
250785
250785
250805
250805
250805
250805
250805
250825
250825
250825
250825
250825
250825
250845
250845
250845
250845
250845
250845
250851
250851
250851
250851
250851
250853
250853
250853
250853
250853
250853
250853
250853
250853
250853
250853
250853
250853
250853
250853
250853
250853
250853
250853
250853
250853
250853
250853
250853
250853
250853
250853
250853
250853
250853
250853
250853
250853
250853
250853
250853
250853
250853
250853
250853
250853
250853
250853
250853
250853
250853
250853
250853
250853
250853
250853
250853
250853
250853
250853
250853
250853
250853
250853
250853
250853
250853
250853
250853
250853
250853
250853
250853
250853
250853
250853
250853
250853
250853
250853
250853
250853
250853
250853
250853
250853
250853
250853
250853
250853
241289
241289
241289
241289
241289
241289
241289
241289
241289
241327
242923
243197
243197
243197
243197
243197
243197
237761
238101
237183
