238605
240461
240461
240461
240461
240461
240461
240461
240461
240461
240463
240463
240463
242425
242425
242425
242425
242425
242425
242425
242425
242447
242457
242457
242457
242457
242457
242457
242457
242481
242493
238733
238833
240169
240169
240169
240169
240591
241871
241871
253471
253471
253471
253471
253471
253471
253471
253471
253471
253471
253471
253471
253489
253493
253493
253493
253493
253493
253493
253493
253493
253493
253493
253493
253513
253513
253513
253513
253513
253513
253513
253513
253513
253513
253513
253533
253533
253533
253533
253533
253533
253533
253533
253553
253553
253553
253553
253553
253553
253573
253573
253573
253573
253573
253593
253593
253593
253593
253593
253593
253613
253613
253613
253613
253613
253613
253633
253633
253633
253633
253633
253653
253653
253653
253653
253653
253653
253673
253673
253673
253673
253673
253673
253693
253693
253693
253693
253693
253713
253713
253713
253713
253713
253713
253733
253733
253733
253733
253733
253733
253741
253741
253741
253741
253741
253741
253741
253741
253741
253741
253741
253741
253741
253741
253741
253741
253741
253741
253741
253741
253741
253741
253741
253741
253741
253741
253741
253741
253741
253741
253741
253741
253741
253741
253741
253741
253741
253741
253741
253741
253741
253741
253741
253741
253741
253741
253741
253741
253741
253741
253741
253741
253741
253741
253741
253741
253741
253741
253741
253741
253741
253741
253741
253741
253741
253741
253741
253741
253741
253741
253741
253741
253741
253741
253741
253741
253741
253741
253741
253741
253741
253741
253741
253741
253741
253741
253741
253741
253741
253741
244167
244167
244167
244167
244167
244167
244167
244167
244167
244205
244625
245805
246079
246079
246079
246079
246079
246079
240777
241059
240081
