240081
242071
242135
242135
244215
245567
245567
241667
247641
247641
247691
247691
247741
247791
247791
247841
247841
247891
247891
247941
247949
247949
247949
247949
247949
247949
247949
247949
247949
247949
247949
247949
247949
247949
247949
247949
247949
247949
247949
247949
247949
247949
247949
247949
247949
247949
247949
247949
247949
247949
247949
247949
247949
247949
247949
247949
247949
247949
247949
247949
247949
247949
247949
247949
247949
247949
247949
247949
247949
247949
247949
247949
247949
247949
247949
247949
247949
247949
247949
247949
247949
247949
247949
247949
247949
247949
247949
247949
246457
246731
246731
240709
