237385
239241
239241
239241
239241
239241
239241
239241
239241
239241
239243
239243
239243
239243
241205
241205
241205
241205
241205
241205
241205
241227
241227
241237
241237
241237
241237
241237
241237
241237
241273
237513
237513
238949
238949
238949
238949
238949
239371
240651
245337
252251
252251
252251
252251
252251
252251
252273
252273
252273
252273
252273
252273
252293
252293
252293
252293
252293
252293
252313
252313
252313
252313
252313
252333
252333
252333
252333
252333
252333
252353
252353
252353
252353
252353
252353
252373
252373
252373
252373
252373
252393
252393
252393
252393
252393
252393
252413
252413
252413
252413
252413
252413
252433
252433
252433
252433
252433
252453
252453
252453
252453
252453
252453
252473
252473
252473
252473
252473
252485
252493
252493
252493
252493
252493
252513
252513
252513
252513
252513
252513
252521
252521
252521
252521
252521
252521
252521
252521
252521
252521
252521
252521
252521
252521
252521
252521
252521
252521
252521
252521
252521
252521
252521
252521
252521
252521
252521
252521
252521
252521
252521
252521
252521
252521
252521
252521
252521
252521
252521
252521
252521
252521
252521
252521
252521
252521
252521
252521
252521
252521
252521
252521
252521
252521
252521
252521
252521
252521
252521
252521
252521
252521
252521
252521
252521
252521
252521
252521
252521
252521
252521
252521
252521
252521
252521
252521
252521
252521
252521
252521
252521
252521
252521
252521
252521
252521
252521
252521
252521
252521
242947
242947
242947
242947
242947
242947
242947
242947
242947
242947
243225
244585
244859
244859
244859
244859
244859
244859
239559
239839
238861
